0 0.634375 0.622685 0.026562 0.186111
0 0.521484 0.558333 0.016927 0.092593
0 0.487370 0.526157 0.011719 0.070833
0 0.462891 0.524074 0.011198 0.057407
0 0.018359 0.506250 0.013802 0.112500
0 0.294661 0.511343 0.014323 0.082870
0 0.338281 0.500926 0.008854 0.039815
0 0.353516 0.500231 0.008073 0.038426
0 0.080339 0.503704 0.007552 0.045370
0 0.088802 0.494444 0.009375 0.046296
0 0.124479 0.494676 0.009896 0.043056
0 0.161849 0.494213 0.008073 0.032870
0 0.190625 0.490278 0.009896 0.034259
0 0.222917 0.504630 0.009896 0.045370
0 0.264844 0.499074 0.006771 0.034259
0 0.286198 0.495370 0.006250 0.028704
0 0.304948 0.492824 0.003646 0.018981
0 0.309115 0.494444 0.003125 0.015741
0 0.312891 0.494444 0.004427 0.012963
0 0.343620 0.490972 0.005469 0.018981
0 0.452083 0.517361 0.006771 0.035648
0 0.443229 0.511806 0.005208 0.031944
0 0.437630 0.509259 0.003906 0.029630
0 0.433333 0.503241 0.003646 0.021296
0 0.430078 0.502083 0.002865 0.021759
