0 0.574870 0.584028 0.017969 0.142130
0 0.020182 0.562037 0.034635 0.256481
0 0.010547 0.516435 0.010677 0.066204
0 0.038802 0.511343 0.007292 0.031944
0 0.083854 0.516898 0.006771 0.027315
0 0.106771 0.515278 0.009375 0.039815
0 0.116927 0.515741 0.006250 0.025000
0 0.154557 0.521759 0.008073 0.030556
0 0.184245 0.522917 0.008073 0.024537
0 0.202474 0.518981 0.008594 0.027778
0 0.213281 0.517361 0.009375 0.021759
0 0.229167 0.520370 0.006250 0.023148
0 0.289323 0.534491 0.015104 0.078241
0 0.503516 0.555556 0.014323 0.080556
0 0.358984 0.533333 0.008073 0.029630
0 0.377344 0.526852 0.007292 0.036111
0 0.474089 0.548843 0.007552 0.051389
0 0.463542 0.522917 0.006250 0.031019
0 0.458594 0.536806 0.008854 0.027315
