0 0.627865 0.622222 0.025000 0.143519
0 0.585677 0.627083 0.039583 0.137500
0 0.575130 0.642593 0.063281 0.047222
0 0.520573 0.569676 0.017188 0.095833
0 0.544141 0.607639 0.039844 0.037500
0 0.133984 0.532870 0.014323 0.076852
0 0.204036 0.510880 0.007031 0.037500
0 0.499740 0.551157 0.013021 0.071759
0 0.494531 0.543750 0.010937 0.059722
0 0.485807 0.542361 0.008594 0.050463
0 0.475651 0.530787 0.007552 0.040278
0 0.470313 0.528241 0.007812 0.034259
0 0.463411 0.523148 0.004948 0.022222
0 0.460156 0.518750 0.003125 0.020833
0 0.456120 0.516204 0.003385 0.016667
0 0.453125 0.513889 0.002083 0.013889
0 0.450911 0.512963 0.002865 0.013889
0 0.372786 0.511343 0.003906 0.016204
0 0.319010 0.512500 0.006250 0.021296
