0 0.614453 0.587500 0.050260 0.166667
0 0.519922 0.571296 0.034635 0.114815
0 0.500130 0.531713 0.017448 0.066204
0 0.480859 0.520833 0.012240 0.050926
0 0.096224 0.514120 0.014323 0.085648
0 0.110807 0.498611 0.018490 0.033333
0 0.260547 0.499769 0.011719 0.032870
0 0.315365 0.512500 0.012500 0.064815
0 0.467578 0.508102 0.010677 0.047685
0 0.319271 0.498843 0.004687 0.032870
0 0.332682 0.502546 0.004948 0.022685
0 0.342448 0.500926 0.004687 0.023148
0 0.357292 0.510880 0.006771 0.030093
0 0.364193 0.505093 0.005990 0.037037
0 0.370964 0.503472 0.006510 0.027315
