0 0.647786 0.661806 0.037240 0.211574
0 0.676172 0.563889 0.008594 0.081481
0 0.647396 0.560417 0.015625 0.070833
0 0.562500 0.547685 0.015625 0.120370
0 0.504687 0.526852 0.013021 0.062963
0 0.497656 0.510880 0.008854 0.050463
0 0.494010 0.551389 0.019792 0.075000
0 0.483724 0.562037 0.026823 0.091667
0 0.014583 0.490509 0.023438 0.084722
0 0.051302 0.484259 0.016146 0.079630
0 0.076563 0.477083 0.013542 0.071759
0 0.089974 0.478472 0.010677 0.060648
0 0.097786 0.472685 0.008594 0.064815
0 0.107552 0.471296 0.009896 0.057407
0 0.116927 0.469907 0.008854 0.050926
0 0.228646 0.475231 0.005208 0.018981
0 0.246484 0.474306 0.004427 0.028241
0 0.288151 0.474769 0.003906 0.020833
0 0.292578 0.478704 0.004948 0.026852
0 0.298177 0.475694 0.004687 0.020833
0 0.301172 0.473148 0.003906 0.027778
0 0.304688 0.477546 0.003125 0.024537
0 0.457943 0.508796 0.010156 0.052778
0 0.440234 0.514583 0.009635 0.055093
0 0.433854 0.496528 0.008854 0.042130
0 0.414583 0.499537 0.008854 0.051852
0 0.409245 0.491667 0.008594 0.033333
