0 0.670964 0.556481 0.031510 0.186111
0 0.027604 0.488194 0.009896 0.043056
0 0.083464 0.484722 0.012240 0.040741
0 0.105208 0.480324 0.007292 0.025463
0 0.142318 0.480556 0.007552 0.023148
0 0.158854 0.478241 0.006771 0.027778
0 0.179557 0.475000 0.004948 0.021296
0 0.193490 0.470370 0.006771 0.023148
0 0.206120 0.469444 0.004948 0.021296
0 0.268880 0.522222 0.014844 0.080556
0 0.325911 0.514583 0.011198 0.054167
0 0.533203 0.559259 0.017969 0.103704
0 0.519401 0.507407 0.004948 0.022222
0 0.500391 0.532870 0.014323 0.090741
0 0.483724 0.525000 0.009115 0.063889
0 0.476562 0.518056 0.005208 0.045370
0 0.467969 0.512963 0.006250 0.030556
0 0.361589 0.515046 0.008073 0.037500
0 0.377474 0.504630 0.004948 0.027778
0 0.458203 0.497454 0.005469 0.019907
0 0.383854 0.492593 0.004167 0.021296
